lon lat depth
122.069363 30.007116 34.00
122.072159 30.006920 37.00
122.074468 30.006733 32.00
122.062000 30.005839 40.00
122.067261 30.005735 34.00
122.078382 30.005460 38.00
122.075565 30.004989 57.00
122.064610 30.004726 45.00
122.071361 30.004482 61.00
122.068741 30.004041 39.00
122.074105 30.003191 41.00
122.058780 30.003185 48.00
122.078372 30.002889 65.00
122.067198 30.002797 34.00
122.054565 30.001181 45.00
122.082462 30.000747 59.00
122.079459 30.000219 43.00
122.064703 29.999271 37.00
122.050444 29.999088 36.00
122.087764 29.998647 37.00
122.083891 29.998261 56.00
122.047399 29.997680 36.00
122.062321 29.996936 41.00
122.082410 29.996418 45.00
122.088810 29.994773 42.00
122.043702 29.993509 40.00
122.051479 29.992853 39.00
122.095510 29.991620 34.00
122.040171 29.990261 45.00
122.052587 29.989658 52.00
122.055777 29.986115 35.00
122.052691 29.986036 55.00
122.057102 29.982917 37.00
122.230452 29.936275 33.00
122.226759 29.937399 44.00
122.194231 29.914350 42.00
122.201521 29.910309 32.00
122.197816 29.912268 37.00
122.197849 29.915751 33.00
122.183277 29.920984 55.00
122.190384 29.920153 41.00
122.190552 29.916534 48.00
122.183423 29.916534 61.00
122.172006 29.912651 83.00
122.175569 29.914133 77.00
122.179727 29.914203 69.00
122.183371 29.911863 66.00
122.179794 29.917707 62.00
122.176055 29.918460 65.00
122.171466 29.917813 77.00
122.167808 29.916414 89.00
122.154581 29.920221 98.00
122.159167 29.915133 98.00
122.162365 29.919128 78.00
122.166456 29.920274 78.00
122.158395 29.919023 96.00
122.154943 29.915669 106.00
122.141001 29.920079 110.00
122.150747 29.914688 112.00
122.151411 29.917742 105.00
122.147454 29.919130 104.00
122.146790 29.920322 99.00
122.144095 29.916643 110.00
122.150641 29.921872 99.00
122.141150 29.914121 107.00
122.145345 29.914100 107.00
122.148327 29.911346 95.00
122.152053 29.912487 109.00
122.143374 29.910476 87.00
122.128944 29.911230 68.00
122.132530 29.909157 64.00
122.136439 29.910584 93.00
122.139930 29.909251 95.00
122.132542 29.913500 74.00
122.121407 29.916108 106.00
122.121664 29.911411 58.00
122.125392 29.914055 97.00
122.129682 29.916761 109.00
122.131206 29.915730 84.00
122.118957 29.915005 94.00
122.107024 29.917617 103.00
122.110532 29.912123 77.00
122.110816 29.915516 68.00
122.114465 29.914280 69.00
122.107127 29.913752 72.00
122.103603 29.908371 80.00
122.107312 29.910452 52.00
122.110836 29.910486 42.00
122.103662 29.911873 84.00
122.092846 29.906536 82.00
122.096448 29.908930 90.00
122.100040 29.910105 92.00
122.096497 29.905479 59.00
122.092749 29.910088 106.00
122.081857 29.906893 90.00
122.085502 29.905277 77.00
122.085464 29.908977 90.00
122.089174 29.908453 94.00
122.089135 29.903684 60.00
122.092883 29.902547 44.00
122.081946 29.903071 67.00
122.078352 29.905556 87.00
122.067490 29.905498 101.00
122.071061 29.903874 95.00
122.078299 29.900965 58.00
122.074704 29.902441 74.00
122.063812 29.903002 89.00
122.067535 29.900863 68.00
122.071042 29.899209 65.00
122.053027 29.902227 66.00
122.056465 29.897168 54.00
122.060282 29.900243 60.00
122.056396 29.900504 58.00
122.053061 29.898750 47.00
122.045799 29.903761 54.00
122.049266 29.901035 49.00
122.045851 29.899036 43.00
122.042110 29.902216 32.00
122.038486 29.904136 45.00
122.049354 29.895410 40.00
122.045787 29.894233 32.00
122.053261 29.889222 34.00
122.056868 29.890960 41.00
122.053184 29.894233 41.00
122.075014 29.894471 35.00
122.078571 29.896528 37.00
122.074865 29.897784 55.00
122.089306 29.900516 50.00
122.081974 29.898790 49.00
122.085560 29.901402 44.00
122.103707 29.905518 36.00
122.099880 29.917881 101.00
122.099999 29.913991 97.00
122.103726 29.915865 86.00
122.106342 29.922455 104.00
122.106056 29.921194 100.00
122.101794 29.921421 104.00
122.092490 29.916426 95.00
122.088972 29.914784 107.00
122.081865 29.917552 68.00
122.085438 29.915851 108.00
122.074551 29.921592 88.00
122.078777 29.920544 88.00
122.070451 29.918286 101.00
122.063369 29.922526 90.00
122.069293 29.921773 86.00
122.075431 29.917639 98.00
122.068487 29.927908 80.00
122.075247 29.925265 88.00
122.077753 29.927557 92.00
122.080132 29.929059 79.00
122.070778 29.925167 73.00
122.065176 29.925452 79.00
122.090272 29.929567 77.00
122.092288 29.924704 88.00
122.089063 29.926705 88.00
122.088416 29.923321 89.00
122.081050 29.924981 64.00
122.084482 29.926747 94.00
122.086021 29.930078 78.00
122.070830 29.935411 83.00
122.078143 29.932338 65.00
122.074465 29.933745 80.00
122.068162 29.930644 78.00
122.067206 29.934254 91.00
122.059978 29.937704 35.00
122.063548 29.936706 64.00
122.063595 29.933214 74.00
122.059921 29.934262 59.00
122.056351 29.935451 35.00
122.065279 29.942513 35.00
122.066682 29.939992 39.00
122.068031 29.938616 64.00
122.070491 29.941809 58.00
122.060955 29.942366 37.00
122.074576 29.938728 39.00
122.071610 29.938634 74.00
122.085347 29.936019 58.00
122.078124 29.936758 46.00
122.088940 29.935453 46.00
122.081708 29.934038 49.00
122.092582 29.933779 89.00
122.096213 29.935710 92.00
122.099881 29.934012 94.00
122.099832 29.938013 71.00
122.103463 29.934989 88.00
122.103402 29.940019 65.00
122.096116 29.939817 63.00
122.092619 29.937249 62.00
122.092643 29.940422 44.00
122.099345 29.942024 63.00
122.100052 29.945219 35.00
122.101026 29.948551 32.00
122.103999 29.947320 38.00
122.096299 29.948264 37.00
122.106095 29.950874 35.00
122.101879 29.950503 34.00
122.097188 29.954562 34.00
122.096445 29.952217 36.00
122.103999 29.955644 32.00
122.090535 29.958100 45.00
122.087453 29.959310 45.00
122.096018 29.963448 45.00
122.099406 29.962684 48.00
122.093594 29.961007 45.00
122.104986 29.959135 40.00
122.110604 29.955633 32.00
122.104219 29.961310 44.00
122.101014 29.958954 38.00
122.122301 29.954853 42.00
122.120985 29.958005 34.00
122.118987 29.952530 44.00
122.122764 29.959957 33.00
122.131821 29.971957 36.00
122.126719 29.972703 32.00
122.139467 29.970196 37.00
122.146089 29.966881 32.00
122.151784 29.970338 33.00
122.155047 29.969216 35.00
122.157754 29.937096 61.00
122.161588 29.934213 68.00
122.165061 29.936459 40.00
122.168836 29.934769 49.00
122.172368 29.932472 49.00
122.156074 29.931021 63.00
122.161370 29.930443 74.00
122.165002 29.932265 74.00
122.167869 29.928964 73.00
122.154972 29.924176 84.00
122.159517 29.923716 76.00
122.164385 29.925645 68.00
122.149680 29.926127 71.00
122.154521 29.927956 66.00
122.138444 29.929344 80.00
122.144318 29.927460 83.00
122.147041 29.931064 69.00
122.143317 29.931832 74.00
122.139793 29.926251 93.00
122.123083 29.934823 78.00
122.128782 29.935615 78.00
122.132605 29.935254 83.00
122.132467 29.931192 71.00
122.117967 29.934556 90.00
122.117989 29.931247 87.00
122.128846 29.932593 102.00
122.120589 29.924818 107.00
122.124642 29.926643 102.00
122.120801 29.928218 101.00
122.115987 29.927252 106.00
122.115164 29.924558 101.00
122.114765 29.929370 98.00
122.111373 29.927958 95.00
122.102413 29.929258 84.00
122.105547 29.926337 96.00
122.108172 29.925439 102.00
122.109821 29.924613 100.00
122.098964 29.925056 88.00
122.095583 29.927127 88.00
122.107135 29.932522 91.00
122.107840 29.930942 101.00
122.103495 29.931425 102.00
122.098053 29.930973 96.00
122.106986 29.936165 68.00
122.110753 29.933832 91.00
122.114357 29.932682 97.00
122.111299 29.942764 63.00
122.117211 29.941622 63.00
122.114314 29.937325 98.00
122.110977 29.939473 86.00
122.106996 29.942432 57.00
122.116373 29.945927 60.00
122.121828 29.945327 44.00
122.121398 29.942471 33.00
122.108560 29.945894 52.00
122.128450 29.948571 38.00
122.125160 29.942184 58.00
122.125200 29.939749 37.00
122.143184 29.943593 61.00
122.143210 29.941354 60.00
122.146882 29.937138 68.00
122.136035 29.937115 83.00
122.150749 29.933274 74.00
122.154357 29.935052 71.00
122.143249 29.935645 73.00
122.157787 29.940552 40.00
122.157787 29.943716 47.00
122.154238 29.944317 44.00
122.154168 29.942220 47.00
122.150464 29.943238 54.00
122.150562 29.938614 42.00
122.143378 29.946264 47.00
122.183248 29.929157 32.00
122.187026 29.926746 33.00
122.183327 29.924324 53.00
122.179712 29.931568 39.00
122.175838 29.930582 42.00
122.172536 29.927633 68.00
122.176001 29.934630 34.00
122.194325 29.902292 51.00
122.201497 29.903769 40.00
122.197925 29.906380 45.00
122.194297 29.908296 49.00
122.190697 29.905453 55.00
122.186996 29.896251 76.00
122.194356 29.898119 49.00
122.197972 29.896353 46.00
122.190689 29.899109 55.00
122.184246 29.899784 83.00
122.201613 29.899075 43.00
122.197946 29.901235 47.00
122.187086 29.902889 63.00
122.166314 29.904655 90.00
122.170752 29.899736 72.00
122.180445 29.899528 80.00
122.175752 29.901899 71.00
122.176789 29.906240 77.00
122.172980 29.904418 85.00
122.166348 29.902195 76.00
122.164562 29.898625 76.00
122.174952 29.897098 63.00
122.168150 29.896595 63.00
122.170993 29.894196 53.00
122.165415 29.892201 55.00
122.161832 29.894766 63.00
122.157843 29.895649 48.00
122.154774 29.893260 50.00
122.158030 29.890924 47.00
122.170245 29.890544 47.00
122.140064 29.891158 46.00
122.147335 29.892388 38.00
122.150886 29.889676 78.00
122.154590 29.888671 60.00
122.147365 29.887772 90.00
122.143692 29.886674 76.00
122.143662 29.891078 83.00
122.143570 29.894676 82.00
122.140080 29.894239 45.00
122.140140 29.887930 38.00
122.150780 29.894067 38.00
122.143818 29.883273 73.00
122.147330 29.881981 88.00
122.150869 29.883862 79.00
122.140188 29.882009 41.00
122.150973 29.880433 86.00
122.136692 29.873776 47.00
122.140296 29.877790 68.00
122.143743 29.875621 74.00
122.136604 29.869338 46.00
122.147469 29.868349 51.00
122.143748 29.869250 61.00
122.140293 29.871403 75.00
122.147436 29.873643 63.00
122.147553 29.864828 63.00
122.140343 29.865076 48.00
122.158175 29.866058 45.00
122.158165 29.870502 42.00
122.151122 29.867239 56.00
122.154570 29.877572 56.00
122.158136 29.874801 48.00
122.161924 29.875117 48.00
122.154676 29.873355 59.00
122.151005 29.874506 63.00
122.158041 29.882784 47.00
122.161797 29.881792 32.00
122.165540 29.882545 36.00
122.165431 29.877491 38.00
122.158041 29.879450 40.00
122.147354 29.878179 78.00
122.161889 29.889835 40.00
122.165497 29.888839 43.00
122.161875 29.886115 32.00
122.158115 29.886163 38.00
122.177507 29.879503 37.00
122.172730 29.879682 35.00
122.179236 29.883181 44.00
122.175265 29.883500 40.00
122.177932 29.886297 48.00
122.173008 29.886667 43.00
122.169125 29.884496 37.00
122.183647 29.884369 53.00
122.190871 29.888959 64.00
122.189678 29.885358 53.00
122.185912 29.889428 61.00
122.182082 29.887884 57.00
122.179970 29.891520 64.00
122.180546 29.895141 67.00
122.183868 29.893654 76.00
122.176272 29.893915 64.00
122.190670 29.894596 61.00
122.201624 29.889416 52.00
122.199007 29.884035 45.00
122.198880 29.887455 52.00
122.203650 29.887247 50.00
122.194444 29.883632 59.00
122.208181 29.889054 38.00
122.206857 29.882839 49.00
122.198832 29.890180 46.00
122.194397 29.891167 49.00
122.201613 29.894530 56.00
122.205265 29.892655 40.00
122.212397 29.888512 33.00
122.208891 29.894599 35.00
122.212465 29.896224 32.00
122.205230 29.896914 40.00
122.205188 29.900253 36.00
122.208768 29.900926 32.00
122.223580 29.856201 56.00
122.230887 29.856377 33.00
122.227269 29.858428 43.00
122.220272 29.852995 38.00
122.208584 29.850251 99.00
122.211111 29.847219 36.00
122.216488 29.847884 54.00
122.220072 29.849271 38.00
122.215926 29.851825 50.00
122.211486 29.852967 75.00
122.207300 29.846566 98.00
122.217704 29.858554 32.00
122.214543 29.855225 54.00
122.212640 29.858754 67.00
122.209278 29.856384 86.00
122.208434 29.860237 82.00
122.203857 29.859240 97.00
122.201897 29.855200 102.00
122.205502 29.852644 100.00
122.223775 29.859653 33.00
122.215332 29.861309 42.00
122.218997 29.860936 40.00
122.201301 29.863741 95.00
122.206083 29.863780 89.00
122.210529 29.864646 52.00
122.202295 29.867030 84.00
122.197367 29.866163 90.00
122.199707 29.859280 102.00
122.196650 29.859905 100.00
122.193729 29.857265 59.00
122.190608 29.860723 33.00
122.184054 29.860115 36.00
122.169366 29.865772 37.00
122.162074 29.852154 49.00
122.162059 29.856125 46.00
122.169288 29.858058 73.00
122.165600 29.859915 44.00
122.147692 29.855147 37.00
122.154883 29.851631 49.00
122.158281 29.854190 50.00
122.160083 29.848864 45.00
122.151279 29.853053 55.00
122.154831 29.858333 48.00
122.151245 29.857316 57.00
122.154934 29.848131 51.00
122.143900 29.858258 33.00
122.147610 29.859980 42.00
122.162089 29.862202 40.00
122.151153 29.862575 50.00
122.158324 29.858980 48.00
122.154758 29.861049 56.00
122.165639 29.867167 41.00
122.161965 29.867897 35.00
122.184595 29.871715 40.00
122.169373 29.871559 35.00
122.172817 29.875308 32.00
122.182303 29.878716 45.00
122.184641 29.875396 40.00
122.187949 29.877900 43.00
122.188550 29.874494 33.00
122.178149 29.875678 33.00
122.196959 29.873890 56.00
122.196049 29.870309 68.00
122.192670 29.874360 44.00
122.188728 29.871102 32.00
122.191171 29.881639 40.00
122.202551 29.880399 47.00
122.205066 29.877289 52.00
122.199109 29.878540 51.00
122.192136 29.877776 34.00
122.201243 29.874655 59.00
122.206996 29.874400 55.00
122.186511 29.881516 48.00
122.188455 29.880538 50.00
122.211215 29.872684 40.00
122.209032 29.869354 64.00
122.201766 29.870782 73.00
122.210450 29.877472 45.00
122.212322 29.880668 32.00
122.227265 29.874210 43.00
122.230776 29.869043 34.00
122.230707 29.878478 49.00
122.221583 29.885489 33.00
122.219181 29.888410 38.00
122.187029 29.914112 58.00
122.190499 29.912053 54.00
122.187041 29.906583 59.00
122.164868 29.912297 94.00
122.168932 29.910680 87.00
122.166925 29.907511 90.00
122.171365 29.907555 81.00
122.162183 29.908276 93.00
122.158533 29.909871 99.00
122.159574 29.905751 85.00
122.160289 29.912767 103.00
122.153075 29.909731 91.00
122.155824 29.913311 112.00
122.154999 29.905587 71.00
122.149653 29.907355 73.00
122.147220 29.904466 59.00
122.143402 29.907108 73.00
122.150952 29.901603 54.00
122.151052 29.903018 49.00
122.143578 29.901707 97.00
122.139901 29.904711 86.00
122.136287 29.907186 78.00
122.136352 29.903092 65.00
122.132020 29.906000 36.00
122.125280 29.906866 32.00
122.125400 29.909582 56.00
122.084749 29.921425 92.00
122.085444 29.912418 99.00
122.079038 29.914664 114.00
122.074588 29.913314 113.00
122.063754 29.912285 109.00
122.060114 29.910059 113.00
122.071093 29.909846 106.00
122.067336 29.913393 114.00
122.060359 29.914999 115.00
122.056412 29.918089 111.00
122.060199 29.918958 109.00
122.051614 29.915079 114.00
122.056446 29.913269 117.00
122.049250 29.912390 114.00
122.039825 29.921297 115.00
122.041807 29.917621 99.00
122.043205 29.919348 116.00
122.048799 29.917664 115.00
122.048118 29.921318 109.00
122.046586 29.914846 111.00
122.038134 29.914824 107.00
122.036541 29.918522 103.00
122.035797 29.909763 39.00
122.045604 29.909401 63.00
122.049272 29.905142 82.00
122.041924 29.908329 55.00
122.038332 29.910425 73.00
122.041955 29.913228 97.00
122.035625 29.912511 88.00
122.056484 29.908571 107.00
122.052570 29.909125 103.00
122.056564 29.903832 87.00
122.060212 29.905658 95.00
122.067486 29.908791 99.00
122.063783 29.907715 105.00
122.074750 29.907126 102.00
122.078285 29.910353 102.00
122.059779 29.924465 56.00
122.065940 29.919582 105.00
122.057807 29.921521 105.00
122.056492 29.922606 95.00
122.052869 29.920345 75.00
122.053608 29.924646 92.00
122.051151 29.927005 54.00
122.048802 29.924552 63.00
122.055787 29.927421 66.00
122.057119 29.925606 43.00
122.046982 29.928404 91.00
122.041056 29.925720 99.00
122.043319 29.927261 96.00
122.039575 29.925899 110.00
122.037600 29.929543 88.00
122.041865 29.931359 81.00
122.043063 29.967828 35.00
122.043360 29.969263 64.00
122.042231 29.973006 80.00
122.046270 29.971973 76.00
122.036296 29.989568 47.00
122.038843 29.988258 40.00
122.041537 29.978818 41.00
122.045639 29.978486 41.00
122.043270 29.976041 64.00
122.054047 29.982595 61.00
122.055852 29.980891 37.00
122.052344 29.978367 63.00
122.055923 29.975910 34.00
122.055940 29.973636 54.00
122.059601 29.972641 60.00
122.052305 29.972072 77.00
122.049211 29.974751 72.00
122.055969 29.970111 56.00
122.052345 29.968877 61.00
122.059442 29.967791 40.00
122.066887 29.969858 46.00
122.063263 29.968870 46.00
122.061951 29.967755 53.00
122.063180 29.970470 66.00
122.063304 29.966038 49.00
122.068467 29.971719 52.00
122.070542 29.967233 33.00
122.073794 29.967773 54.00
122.076553 29.964947 40.00
122.058400 29.960781 42.00
122.063604 29.960907 55.00
122.064256 29.957470 60.00
122.061166 29.957594 34.00
122.059225 29.957548 72.00
122.066882 29.954377 34.00
122.073637 29.951264 48.00
122.071969 29.948080 51.00
122.073608 29.944796 36.00
122.070314 29.944942 46.00
122.063390 29.945855 62.00
122.055432 29.957617 34.00
122.055975 29.964609 52.00
122.049075 29.967170 56.00
122.060448 29.963891 54.00
122.076500 29.971664 36.00
122.076813 29.969564 38.00
122.082507 29.971879 39.00
122.084964 29.974113 42.00
122.088530 29.974194 40.00
122.095553 29.970192 40.00
122.098588 29.967108 36.00
122.077115 29.957601 48.00
122.075119 29.955210 37.00
122.078114 29.960769 40.00
122.104517 29.972227 35.00
122.101346 29.972675 42.00
122.100974 29.969900 53.00
122.103647 29.975563 52.00
122.102328 29.975779 33.00
122.098536 29.976396 58.00
122.093777 29.977142 41.00
122.096832 29.979697 61.00
122.103638 29.967224 40.00
122.101566 29.964660 45.00
122.111171 29.984336 35.00
122.095624 29.981763 42.00
122.096135 29.985594 42.00
122.097330 29.987570 32.00
122.094798 29.985300 53.00
122.101002 29.988176 34.00
122.094983 29.989537 36.00
122.112471 29.989150 32.00
122.175986 29.924714 62.00
122.179743 29.922441 60.00
122.179694 29.927218 58.00
122.170227 29.923330 66.00
122.187079 29.922014 49.00
122.134119 29.928156 88.00
122.138772 29.923577 103.00
122.133255 29.924617 100.00
122.127915 29.924796 106.00
122.126364 29.922453 116.00
122.142876 29.923158 101.00
122.116037 29.919164 108.00
122.122617 29.919858 102.00
122.125704 29.917674 111.00
122.131820 29.920754 114.00
122.136149 29.918736 104.00
122.135754 29.915497 109.00
122.056735 29.929709 32.00
122.063220 29.928643 65.00
122.050328 29.929924 56.00
122.049156 29.934098 34.00
122.045500 29.935318 45.00
122.038200 29.932533 45.00
122.036741 29.923503 115.00
122.044729 29.923142 112.00
122.117722 29.922322 113.00
122.063630 29.893267 38.00
122.060497 29.895556 43.00
122.067605 29.897295 44.00
122.140384 29.860326 36.00
122.136383 29.863045 37.00
122.100585 29.858057 45.00
122.096793 29.858085 38.00
122.151407 29.835691 45.00
122.156614 29.833813 50.00
122.160394 29.834158 40.00
122.164141 29.835710 37.00
122.154966 29.835518 55.00
122.147727 29.839367 37.00
122.163439 29.841860 37.00
122.160131 29.845093 43.00
122.158750 29.840628 49.00
122.154977 29.841594 46.00
122.155009 29.838654 51.00
122.151284 29.842448 42.00
122.154945 29.844967 54.00
122.151316 29.846927 44.00
122.167903 29.843876 32.00
122.158778 29.837893 53.00
122.177081 29.834259 40.00
122.179980 29.838000 36.00
122.183590 29.838219 39.00
122.181509 29.834749 42.00
122.190983 29.833527 63.00
122.190186 29.836666 62.00
122.210959 29.834727 89.00
122.208264 29.834435 42.00
122.200234 29.836201 59.00
122.195108 29.835272 61.00
122.187755 29.839802 33.00
122.193355 29.838657 48.00
122.195419 29.837934 62.00
122.197187 29.840276 52.00
122.193751 29.842800 34.00
122.188937 29.843875 33.00
122.169951 29.847785 32.00
122.183117 29.853869 39.00
122.181046 29.854595 34.00
122.201203 29.849670 93.00
122.196679 29.854158 96.00
122.197050 29.849679 86.00
122.200331 29.846398 86.00
122.202726 29.844821 82.00
122.208266 29.843145 98.00
122.197895 29.843952 40.00
122.214636 29.835692 92.00
122.213533 29.838453 94.00
122.215997 29.840401 63.00
122.209307 29.838940 91.00
122.205510 29.840189 93.00
122.201212 29.839814 59.00
122.220081 29.846415 46.00
122.220140 29.844855 51.00
122.220116 29.841888 48.00
122.216620 29.844437 62.00
122.212734 29.843284 42.00
122.238027 29.860950 32.00
122.227233 29.863028 32.00
122.213371 29.868354 37.00
122.139932 29.899894 74.00
122.154545 29.900917 35.00
122.161451 29.902442 80.00
122.143880 29.862939 44.00
122.192204 29.868122 49.00
122.190362 29.864571 38.00
122.194058 29.863778 66.00
122.138789 29.964335 41.00
122.165135 29.939861 34.00
122.148852 29.969048 44.00
122.159301 29.968691 38.00
122.066812 29.975240 34.00
122.177837 29.910027 75.00
122.074436 29.928523 71.00
122.143451 29.897960 43.00
122.147304 29.897949 39.00
122.165504 29.872531 38.00
122.133034 29.867068 33.00
122.183438 29.904601 73.00
122.203708 29.883219 53.00
122.175317 29.890422 51.00
122.154707 29.868757 47.00
122.113066 29.912750 38.00
122.290155 29.922879 54.00
122.297515 29.917442 40.00
122.301279 29.900232 38.00
122.297706 29.888658 33.00
122.315751 29.889001 43.00
122.308517 29.900744 36.00
122.331146 29.904742 58.00
122.332022 29.907661 58.00
122.332908 29.909714 45.00
122.325936 29.909695 38.00
122.325136 29.907388 39.00
122.323623 29.909601 35.00
122.328518 29.911812 36.00
122.338155 29.907189 49.00
122.334816 29.905532 72.00
122.343749 29.901881 73.00
122.339603 29.900379 91.00
122.338729 29.903644 88.00
122.335678 29.902585 83.00
122.333866 29.898436 33.00
122.341711 29.898736 94.00
122.326552 29.902777 33.00
122.326674 29.896284 36.00
122.323169 29.887837 39.00
122.319421 29.886098 34.00
122.330263 29.888102 48.00
122.333889 29.885833 44.00
122.339693 29.885812 49.00
122.343173 29.885738 61.00
122.341701 29.888961 61.00
122.336663 29.888845 59.00
122.342087 29.892710 84.00
122.344124 29.894950 96.00
122.346694 29.890103 96.00
122.339542 29.895447 56.00
122.347054 29.894225 97.00
122.350009 29.890157 96.00
122.345614 29.898736 86.00
122.347402 29.896940 83.00
122.348060 29.900131 34.00
122.351437 29.893987 59.00
122.353734 29.891985 45.00
122.362822 29.891964 34.00
122.357518 29.885742 40.00
122.354746 29.887880 52.00
122.352923 29.884039 55.00
122.351100 29.886792 79.00
122.347466 29.886292 91.00
122.350163 29.883734 95.00
122.347291 29.882265 101.00
122.351287 29.880742 96.00
122.354696 29.881319 32.00
122.355358 29.878326 70.00
122.348228 29.879360 64.00
122.345068 29.881329 35.00
122.359814 29.876175 35.00
122.371200 29.879350 51.00
122.372729 29.876371 37.00
122.352387 29.876294 91.00
122.345580 29.876282 44.00
122.137525 29.941544 66.00
122.133569 29.941773 62.00
122.135693 29.943458 48.00
122.038944 29.976413 47.00
122.127828 29.943839 35.00
122.039116 29.974762 66.00
122.131205 29.944772 63.00
122.139555 29.944369 63.00
122.139892 29.938701 84.00
122.133562 29.939022 100.00
122.127098 29.938713 56.00
122.133874 29.943520 37.00
122.035591 29.969564 46.00
122.037539 29.980280 42.00
122.036839 29.976912 56.00
122.037995 29.971952 80.00
122.127592 29.940875 56.00
122.128449 29.945345 60.00
122.128021 29.946557 46.00
122.130225 29.939336 81.00
122.130059 29.942255 67.00
122.071113 30.008552 26.00
122.064071 30.008115 26.70
122.087702 30.007581 23.20
122.077295 30.007161 25.30
122.084481 30.005650 23.50
122.056553 30.004827 27.70
122.063087 30.002788 27.10
122.093894 30.001810 23.30
122.060944 30.001772 23.30
122.076984 30.001287 22.80
122.057765 29.999744 29.80
122.052846 29.997948 20.80
122.060312 29.997898 20.40
122.055694 29.995983 21.30
122.051945 29.995370 21.40
122.043847 29.995235 29.20
122.060447 29.994723 20.60
122.094277 29.994167 26.90
122.047575 29.993256 26.20
122.063191 29.993171 24.00
122.045701 29.992686 20.10
122.060426 29.992454 23.00
122.090187 29.991386 31.00
122.064195 29.991125 22.00
122.038059 29.990976 23.30
122.042170 29.990388 27.10
122.055673 29.989669 22.80
122.060302 29.989292 21.70
122.060457 29.986149 23.30
122.060737 29.983467 21.90
122.223179 29.939858 23.20
122.233893 29.937277 20.60
122.205126 29.912495 23.20
122.201510 29.914682 26.90
122.194201 29.921258 29.30
122.100128 29.906468 20.50
122.038512 29.900377 23.60
122.035645 29.903704 23.90
122.038702 29.895190 23.20
122.042172 29.896833 31.00
122.049393 29.891896 31.00
122.042230 29.892429 22.10
122.045852 29.890211 21.30
122.063550 29.890200 23.40
122.071235 29.892277 26.50
122.078660 29.893972 20.90
122.085797 29.896316 27.80
122.096375 29.902306 21.20
122.103612 29.904066 23.00
122.107340 29.905809 24.80
122.059014 29.938635 20.80
122.075796 29.941903 26.10
122.078121 29.938048 20.80
122.085356 29.938504 30.30
122.096676 29.945601 25.60
122.094337 29.948296 21.10
122.112395 29.948094 30.60
122.112200 29.949919 20.70
122.107228 29.953283 24.40
122.101416 29.953018 26.30
122.098882 29.956885 27.10
122.092534 29.957761 28.80
122.098224 29.961930 27.80
122.091620 29.962578 23.90
122.085942 29.963840 29.60
122.107277 29.956578 28.20
122.120741 29.954853 29.50
122.123897 29.954906 29.80
122.117074 29.955745 20.50
122.114832 29.955161 30.10
122.112005 29.954493 24.10
122.123739 29.951776 23.70
122.127577 29.951813 28.90
122.133084 29.962493 25.60
122.136400 29.970719 21.80
122.134532 29.970719 29.90
122.145826 29.968472 30.00
122.153748 29.968527 26.20
122.157646 29.970737 27.30
122.162092 29.967405 21.70
122.165285 29.961194 21.60
122.168919 29.939340 29.30
122.172290 29.937090 27.00
122.118634 29.949067 23.50
122.130269 29.948571 29.70
122.125141 29.944508 22.20
122.161406 29.942122 26.10
122.150533 29.946655 27.90
122.157771 29.945635 27.60
122.161338 29.947919 23.20
122.190554 29.924689 30.20
122.190475 29.929225 21.50
122.186750 29.931453 22.00
122.183134 29.933925 24.60
122.179571 29.936284 23.20
122.201362 29.918014 21.30
122.205139 29.908003 29.60
122.136543 29.894636 24.20
122.133045 29.876207 28.90
122.133288 29.871807 31.00
122.129030 29.871551 20.30
122.169297 29.878184 30.30
122.171065 29.875567 28.70
122.212225 29.892030 29.80
122.215770 29.890781 27.80
122.216076 29.895143 23.80
122.213072 29.901549 21.30
122.211154 29.898434 30.00
122.208698 29.904069 26.70
122.238275 29.857326 21.70
122.234438 29.856738 20.50
122.223710 29.851525 28.10
122.221099 29.863504 29.70
122.215523 29.864748 31.00
122.188082 29.858055 28.50
122.186759 29.862641 21.70
122.182835 29.857109 22.10
122.176602 29.863226 23.80
122.180220 29.864974 26.60
122.180133 29.860579 27.10
122.172839 29.863973 24.30
122.188328 29.864100 25.20
122.186293 29.867063 25.90
122.181600 29.858958 31.00
122.172926 29.860035 27.70
122.169410 29.862124 25.80
122.165747 29.855126 29.60
122.173064 29.856970 27.40
122.171036 29.854152 24.60
122.178368 29.856983 24.40
122.174606 29.852205 25.00
122.147641 29.850614 30.30
122.143951 29.851871 25.30
122.176542 29.871648 30.10
122.182367 29.868323 28.90
122.176568 29.867219 26.90
122.172920 29.869740 22.90
122.180421 29.871994 28.50
122.179384 29.874025 29.60
122.214837 29.876903 28.00
122.219733 29.879731 31.00
122.223754 29.876633 29.50
122.223488 29.872192 30.00
122.217750 29.873852 26.30
122.234360 29.870362 22.30
122.230735 29.873862 25.30
122.234551 29.875991 22.60
122.223998 29.880773 20.40
122.219334 29.883554 21.30
122.216122 29.886414 25.00
122.259615 29.881404 21.50
122.129352 29.906066 26.30
122.121624 29.908356 27.70
122.114645 29.910704 21.50
122.041149 29.980643 26.80
122.049470 29.979629 27.40
122.060093 29.970695 24.70
122.063273 29.971728 26.00
122.070480 29.971090 23.20
122.079042 29.964995 25.80
122.064062 29.963836 29.50
122.065568 29.960680 29.30
122.063175 29.954356 24.30
122.070059 29.951242 23.30
122.069628 29.948087 25.20
122.064528 29.941255 28.20
122.051767 29.947960 25.60
122.058987 29.954317 30.40
122.055013 29.954258 28.40
122.051419 29.963777 20.80
122.070464 29.973123 30.50
122.083639 29.969505 31.00
122.080179 29.970303 27.40
122.085525 29.972874 27.20
122.084382 29.975980 29.80
122.075167 29.976261 29.30
122.092462 29.971107 23.60
122.097425 29.973271 26.90
122.094776 29.967078 21.50
122.080228 29.956644 30.00
122.075239 29.957678 25.00
122.075347 29.962706 26.20
122.122710 29.967376 28.60
122.124443 29.975067 23.60
122.127131 29.978097 20.10
122.124454 29.980731 30.20
122.123221 29.982754 23.70
122.114322 29.983813 21.20
122.107542 29.981413 23.70
122.098177 29.986483 29.10
122.099166 29.984137 30.90
122.091800 29.987192 20.30
122.099807 29.990029 29.70
122.107010 29.990754 22.90
122.100737 29.992534 21.40
122.108964 29.986984 23.20
122.104332 29.987731 27.40
122.118772 29.987153 30.10
122.123726 29.988048 25.80
122.116977 29.987919 29.90
122.117749 29.990459 20.30
122.129971 29.988588 20.20
122.138585 29.989205 20.80
122.158780 29.991278 31.00
122.155534 29.990458 24.00
122.163791 29.991458 22.80
122.166215 29.993133 20.30
122.165549 29.992143 30.40
122.168672 29.987824 24.60
122.170280 29.989417 30.50
122.148405 29.981573 24.40
122.179233 29.978499 22.00
122.184570 29.974100 20.10
122.052737 29.935380 24.70
122.041016 29.935140 21.80
122.048736 29.938491 21.50
122.125911 29.861211 20.50
122.104029 29.859593 21.20
122.129348 29.864549 24.90
122.129464 29.858408 23.30
122.133135 29.860696 29.10
122.140339 29.855628 28.40
122.133785 29.856043 25.10
122.136687 29.853644 24.60
122.129570 29.853677 20.80
122.136798 29.848839 21.60
122.140332 29.850912 23.90
122.133477 29.851303 21.40
122.158383 29.836055 27.40
122.144362 29.836160 23.80
122.144142 29.840793 22.40
122.144102 29.845514 23.20
122.147845 29.844881 31.00
122.140433 29.844535 21.00
122.161833 29.837814 23.20
122.167132 29.839452 20.30
122.174542 29.835422 24.00
122.175605 29.837664 24.60
122.171569 29.838023 21.40
122.171070 29.834486 20.50
122.167143 29.834003 22.10
122.172926 29.841172 22.40
122.178216 29.841026 30.20
122.182037 29.841111 31.00
122.185158 29.842563 31.00
122.179966 29.844978 30.00
122.176705 29.843344 26.50
122.185936 29.835894 30.30
122.198331 29.833841 21.40
122.201579 29.835597 31.00
122.194229 29.846552 29.40
122.187938 29.847228 31.00
122.184293 29.845468 30.60
122.174803 29.846221 23.60
122.176936 29.849031 26.10
122.182386 29.848408 27.60
122.164016 29.847666 29.70
122.167250 29.848651 23.90
122.185066 29.853569 28.00
122.188412 29.851476 29.40
122.191194 29.854114 28.10
122.180629 29.852095 25.00
122.193387 29.850610 26.00
122.223753 29.845365 22.00
122.234545 29.862657 22.60
122.230854 29.860424 25.00
122.227205 29.867886 27.10
122.230858 29.866043 25.80
122.222569 29.866807 24.80
122.218702 29.867561 25.50
122.125864 29.856659 20.10
122.137025 29.964610 20.20
122.085051 29.960959 24.10
122.067469 29.976841 22.20
122.059546 29.978903 20.50
122.063137 29.980395 24.20
122.356625 29.988798 20.00
122.362417 29.985743 21.80
122.355047 29.986330 20.10
122.355539 29.980373 20.00
122.360346 29.979875 20.30
122.358603 29.983348 20.30
122.353456 29.983740 20.20
122.372323 29.974754 20.40
122.374978 29.971718 20.30
122.370117 29.969454 20.90
122.375182 29.967936 24.20
122.375264 29.963537 21.80
122.321426 29.948995 26.80
122.321115 29.942704 24.20
122.282944 29.924410 21.10
122.286614 29.922181 29.10
122.290129 29.924522 30.50
122.297522 29.923847 30.40
122.296307 29.921224 27.30
122.322907 29.914990 25.60
122.330309 29.912748 28.20
122.319223 29.911684 26.70
122.315676 29.913224 23.70
122.308439 29.916653 20.80
122.308475 29.912762 22.00
122.312057 29.910842 23.00
122.315723 29.908521 25.50
122.304786 29.908973 21.50
122.301168 29.911263 22.20
122.290378 29.915452 21.10
122.290298 29.919636 30.30
122.297583 29.897080 25.60
122.297835 29.892430 26.80
122.301402 29.890561 30.50
122.294062 29.890347 23.70
122.294153 29.887487 23.20
122.265132 29.879411 29.50
122.290652 29.883522 24.60
122.304890 29.888129 24.60
122.304903 29.890652 28.90
122.312149 29.888490 29.70
122.308586 29.889257 30.00
122.322874 29.895521 25.20
122.312091 29.900992 23.60
122.304909 29.901983 28.30
122.307106 29.898096 31.00
122.319347 29.899147 22.70
122.315750 29.904214 20.60
122.319318 29.906914 29.30
122.342522 29.905118 27.60
122.330159 29.900611 24.90
122.323012 29.902419 26.50
122.333853 29.896379 26.00
122.326636 29.885526 26.90
122.330421 29.886470 26.60
122.326655 29.881846 27.00
122.350859 29.898314 22.80
122.359048 29.892028 20.30
122.353908 29.895090 23.70
122.367820 29.888801 30.00
122.370123 29.882704 27.60
122.354884 29.884017 27.20
122.357456 29.880491 20.50
122.374494 29.879372 22.20
122.130738 29.946502 24.80
122.138148 29.945971 27.60
122.036846 29.983036 26.30
122.039460 29.968332 29.30
122.089908 30.007768 17.50
122.060954 30.007738 17.60
122.105306 30.005810 18.30
122.096038 30.004971 11.00
122.099590 30.004895 16.90
122.081592 30.003365 19.30
122.084626 30.002975 10.80
122.072148 30.002973 16.00
122.073412 30.001513 18.60
122.107460 30.001495 15.50
122.060146 30.000327 19.90
122.090891 29.998989 15.30
122.097374 29.998408 10.30
122.078600 29.998263 10.20
122.050734 29.997718 17.00
122.043143 29.997524 14.30
122.091378 29.997150 16.00
122.044790 29.996896 10.30
122.040099 29.996742 16.90
122.058780 29.996035 17.40
122.065179 29.995550 13.90
122.041942 29.995280 13.60
122.064496 29.993196 18.40
122.040192 29.992862 11.10
122.084844 29.992519 13.80
122.057537 29.992393 15.70
122.044210 29.992323 15.80
122.064817 29.988463 17.80
122.051303 29.987940 11.70
122.064289 29.986160 17.20
122.064413 29.984366 14.90
122.063429 29.982588 13.10
122.248322 29.931816 11.30
122.244912 29.940060 10.90
122.237511 29.936438 13.00
122.233845 29.947237 11.20
122.225978 29.945717 10.00
122.226619 29.946950 14.50
122.229024 29.944868 10.30
122.223096 29.941720 14.40
122.219448 29.941226 15.40
122.215840 29.938669 14.70
122.219476 29.936601 13.90
122.223151 29.935420 16.00
122.233902 29.934028 17.10
122.230259 29.931397 11.50
122.234106 29.930207 12.30
122.226862 29.929649 11.00
122.226684 29.933207 11.00
122.223039 29.931004 10.20
122.248290 29.929461 13.20
122.247753 29.926147 14.60
122.244543 29.923908 13.00
122.244384 29.930815 14.10
122.237922 29.930018 15.80
122.240492 29.926021 13.60
122.238183 29.923314 11.20
122.233928 29.924199 10.80
122.230890 29.922130 10.20
122.229572 29.925824 10.50
122.234057 29.920271 10.60
122.211750 29.920114 11.40
122.219385 29.918941 10.10
122.216183 29.916060 11.70
122.222001 29.916378 10.40
122.208780 29.913617 17.60
122.212004 29.915654 12.70
122.204980 29.917102 17.40
122.035658 29.902705 13.50
122.035747 29.893200 16.30
122.041754 29.891439 17.60
122.060450 29.889547 17.70
122.070931 29.890805 13.10
122.082188 29.894581 13.60
122.088500 29.897288 19.60
122.095759 29.901012 13.00
122.105497 29.903109 16.10
122.099749 29.904487 13.40
122.114665 29.908197 18.90
122.096079 29.944677 19.30
122.108788 29.949601 16.30
122.108959 29.953718 19.80
122.091669 29.951442 14.70
122.096737 29.960838 10.20
122.085332 29.959235 18.90
122.088744 29.961135 17.20
122.091266 29.961485 15.00
122.093484 29.964105 18.00
122.087404 29.962280 17.70
122.109726 29.957915 16.90
122.113662 29.957883 19.10
122.119438 29.954832 16.90
122.118097 29.957655 11.80
122.121826 29.951734 12.70
122.129380 29.951856 11.50
122.126407 29.957930 10.80
122.128649 29.961241 10.80
122.131787 29.973515 14.20
122.131809 29.970003 14.40
122.149323 29.971240 11.20
122.165653 29.966632 12.00
122.163510 29.964128 16.80
122.173149 29.960978 10.20
122.166300 29.962382 10.30
122.175779 29.958349 13.20
122.182989 29.953635 11.40
122.193951 29.946545 11.00
122.201326 29.940739 11.00
122.197595 29.940934 10.70
122.183171 29.938609 13.90
122.194004 29.938619 11.80
122.190502 29.937145 13.30
122.186930 29.940968 10.80
122.186848 29.936220 15.50
122.176068 29.944185 10.20
122.179650 29.941031 13.70
122.175858 29.939375 19.80
122.172343 29.941854 18.40
122.168630 29.942688 17.40
122.116754 29.948184 11.60
122.119706 29.948692 15.30
122.147276 29.947047 18.10
122.157744 29.948472 13.70
122.153700 29.948111 10.00
122.168682 29.945803 14.60
122.164941 29.947915 11.00
122.212208 29.941822 12.80
122.208476 29.943432 11.50
122.204918 29.938708 12.30
122.208649 29.937640 12.20
122.201256 29.937023 12.00
122.212191 29.936496 12.90
122.208548 29.931115 11.10
122.212230 29.931171 10.00
122.215873 29.932524 10.70
122.204930 29.933290 12.50
122.194089 29.931279 14.40
122.194168 29.927545 19.00
122.197741 29.929975 14.30
122.201348 29.931506 11.90
122.204989 29.927288 11.60
122.197690 29.934753 13.10
122.190455 29.932818 17.40
122.204979 29.923813 13.00
122.201375 29.926093 13.90
122.210494 29.925821 10.20
122.197778 29.923644 18.60
122.201385 29.921304 17.50
122.205057 29.920478 14.60
122.214758 29.922326 10.70
122.208597 29.922408 12.40
122.219488 29.928830 10.20
122.215789 29.927393 10.20
122.249109 29.917117 11.40
122.244850 29.916637 10.60
122.250796 29.920697 12.20
122.242899 29.919627 10.90
122.231264 29.917336 10.30
122.234315 29.913959 10.10
122.237443 29.916981 10.40
122.240543 29.914840 10.40
122.212879 29.910000 15.60
122.220671 29.910000 11.70
122.224602 29.912267 11.20
122.226540 29.909397 10.90
122.223758 29.906865 12.20
122.216339 29.912062 12.70
122.217391 29.908240 14.00
122.136513 29.893049 11.20
122.138640 29.882128 10.30
122.138393 29.886379 16.80
122.137248 29.879798 12.20
122.129141 29.874412 14.60
122.135005 29.878438 10.50
122.125824 29.870705 14.60
122.125932 29.865977 19.10
122.121894 29.869013 11.30
122.118658 29.866098 11.20
122.218985 29.901786 14.70
122.216004 29.898650 19.40
122.219802 29.896893 15.80
122.219544 29.905144 13.00
122.214618 29.905186 16.70
122.211199 29.907009 18.80
122.234085 29.898828 10.50
122.229876 29.898828 10.80
122.232217 29.903055 10.10
122.227208 29.903016 10.10
122.224282 29.899172 11.80
122.222987 29.902702 11.90
122.243644 29.899070 10.10
122.240208 29.901855 10.50
122.240898 29.905111 10.00
122.237491 29.905529 10.00
122.235991 29.902261 10.30
122.247651 29.904379 10.50
122.230748 29.909632 10.50
122.228629 29.906166 10.40
122.233501 29.907020 11.10
122.237494 29.908414 10.20
122.241213 29.911001 10.30
122.244701 29.909180 10.30
122.234640 29.910172 11.20
122.254609 29.908498 11.00
122.257388 29.910931 10.70
122.254553 29.914106 11.50
122.252361 29.910858 10.50
122.248619 29.911271 10.30
122.249526 29.907719 10.80
122.244513 29.912804 10.70
122.261395 29.909441 10.30
122.256264 29.917105 12.30
122.262619 29.918537 14.70
122.256912 29.921043 15.30
122.261196 29.914475 12.60
122.260953 29.923028 14.10
122.262915 29.925998 12.80
122.255076 29.924288 14.30
122.258544 29.927333 11.60
122.251930 29.927324 12.90
122.253639 29.900712 10.30
122.257646 29.900509 10.20
122.257038 29.904094 10.30
122.255875 29.897205 10.10
122.259525 29.895771 10.00
122.263061 29.888076 10.80
122.234543 29.854896 17.30
122.238170 29.853394 14.30
122.227401 29.855201 12.40
122.227245 29.852193 19.90
122.223750 29.848140 13.10
122.168568 29.851463 19.60
122.234390 29.872937 14.40
122.237932 29.871609 18.20
122.230407 29.881668 12.70
122.227058 29.883671 14.70
122.227116 29.878609 18.50
122.248736 29.883525 10.30
122.248376 29.881218 10.40
122.248736 29.886364 10.50
122.241403 29.888128 10.40
122.237576 29.888370 10.00
122.230687 29.889218 10.90
122.230628 29.892670 11.80
122.237608 29.892054 11.00
122.226972 29.891303 12.80
122.227008 29.887923 12.90
122.230744 29.884807 11.20
122.223566 29.885635 18.60
122.223091 29.889298 15.40
122.252468 29.880166 13.40
122.256112 29.881527 17.20
122.259620 29.890688 12.00
122.255967 29.889388 11.90
122.252364 29.890996 10.70
122.248673 29.889355 10.20
122.248787 29.893595 10.10
122.237832 29.895325 10.40
122.241453 29.893991 10.30
122.245146 29.891810 10.60
122.234217 29.894319 11.30
122.223316 29.893982 14.00
122.226930 29.896193 11.90
122.219834 29.892228 19.80
122.132755 29.902424 17.50
122.125344 29.905388 11.20
122.120192 29.908517 13.90
122.040182 29.967271 14.50
122.037060 29.965614 15.20
122.038235 29.986352 13.10
122.042784 29.980752 17.10
122.049835 29.980566 14.50
122.073386 29.963839 11.20
122.073071 29.965691 11.90
122.056398 29.960772 17.90
122.067532 29.957594 14.70
122.067369 29.949953 13.80
122.068692 29.944913 19.10
122.058729 29.944827 12.80
122.049575 29.941751 11.40
122.054240 29.948989 11.80
122.054715 29.951178 18.40
122.060557 29.951397 18.60
122.053413 29.960635 17.00
122.073250 29.972543 17.80
122.063307 29.972842 12.20
122.080589 29.969017 11.30
122.079737 29.978692 16.10
122.084243 29.982713 15.40
122.090321 29.976546 11.80
122.095028 29.971426 11.70
122.086532 29.965377 11.80
122.084389 29.967315 15.30
122.082596 29.957538 19.00
122.072736 29.953268 12.00
122.079868 29.960753 10.20
122.081122 29.967475 14.00
122.096657 29.976672 11.80
122.100913 29.979243 18.80
122.106824 29.978235 17.80
122.098929 29.980880 19.40
122.105387 29.962589 10.90
122.122734 29.980263 18.10
122.120291 29.983613 19.30
122.132553 29.982845 13.40
122.126796 29.986866 11.20
122.121418 29.987000 16.50
122.113865 29.982967 13.00
122.108118 29.980742 15.60
122.108183 29.985783 12.60
122.100676 29.985546 13.70
122.102914 29.990010 15.40
122.107217 29.993202 19.30
122.103933 29.991396 18.70
122.109021 29.989108 18.90
122.114794 29.990994 19.70
122.121181 29.989352 12.80
122.111674 29.992602 16.00
122.132362 29.990336 12.20
122.126792 29.990036 13.00
122.135642 29.988608 14.00
122.138387 29.991230 11.60
122.141887 29.989334 16.50
122.153866 29.988183 18.00
122.147749 29.988974 11.80
122.152171 29.984804 17.70
122.156292 29.989639 16.10
122.161246 29.993754 14.00
122.166372 29.989968 13.00
122.143333 29.987533 10.40
122.142318 29.986666 17.80
122.141096 29.983757 19.70
122.143332 29.980044 11.40
122.171598 29.984608 19.30
122.174453 29.983685 11.60
122.176910 29.986558 18.30
122.179817 29.979207 14.50
122.176196 29.980169 13.20
122.185194 29.974842 11.10
122.199763 29.968226 14.10
122.241185 29.933964 12.60
122.051170 29.936427 14.80
122.044456 29.939845 17.00
122.122072 29.864274 15.40
122.122161 29.859503 17.00
122.118598 29.860833 13.90
122.114887 29.862146 11.50
122.103942 29.864697 12.40
122.107729 29.861777 10.50
122.111370 29.859504 10.00
122.133196 29.846540 19.60
122.129505 29.848907 19.00
122.125939 29.851820 18.70
122.122258 29.850064 17.20
122.125939 29.847104 17.50
122.118714 29.848947 15.40
122.115045 29.851452 13.90
122.115070 29.846443 14.80
122.115051 29.857598 12.30
122.118599 29.855010 15.20
122.111314 29.852305 11.60
122.097068 29.854705 10.20
122.096886 29.861502 13.20
122.093103 29.856753 10.50
122.100575 29.842184 10.60
122.104249 29.845164 10.60
122.107808 29.846342 11.50
122.111499 29.847830 12.90
122.118720 29.843971 15.70
122.115086 29.841831 15.00
122.111473 29.844377 13.90
122.107796 29.842764 13.00
122.125946 29.842550 16.70
122.129535 29.844164 18.00
122.122199 29.845344 16.40
122.133268 29.840252 18.20
122.122455 29.840637 16.00
122.104503 29.840644 12.40
122.111538 29.836405 14.50
122.111516 29.839777 14.10
122.118769 29.839059 15.40
122.107797 29.838849 13.60
122.100672 29.834119 12.60
122.107957 29.834835 14.10
122.100637 29.837446 12.00
122.096995 29.835874 10.80
122.122348 29.834325 16.00
122.115190 29.833880 15.20
122.126035 29.836128 16.60
122.136820 29.837886 18.30
122.133386 29.835426 17.40
122.140537 29.834843 18.90
122.129634 29.837945 17.30
122.136859 29.842628 19.50
122.218512 29.837056 15.90
122.234466 29.859259 19.60
122.234376 29.867164 15.00
122.164943 29.943837 17.30
122.134868 29.900041 10.90
122.140349 29.971341 12.20
122.036298 29.932738 16.00
122.123612 29.972773 14.10
122.059541 29.976476 16.10
122.152750 29.897628 10.50
122.140486 29.839601 19.60
122.083227 29.854988 10.90
122.346894 30.015174 14.60
122.344409 30.011862 13.50
122.353364 30.012007 13.50
122.351173 30.015107 13.80
122.356656 30.015151 12.00
122.360558 30.005652 11.60
122.357163 30.008807 13.00
122.356919 30.002552 14.10
122.351679 30.005730 13.90
122.353095 29.999641 15.40
122.357745 29.995894 16.50
122.360577 29.999764 13.00
122.347616 30.008962 13.40
122.346436 30.002468 14.50
122.348773 29.992826 17.70
122.354342 29.993412 18.60
122.349424 29.997360 16.40
122.358694 29.991652 18.30
122.361865 29.989651 16.80
122.351462 29.988104 19.70
122.363785 29.979187 19.80
122.367053 29.980681 16.80
122.366311 29.975773 19.30
122.360809 29.975323 19.70
122.370260 29.978346 13.90
122.365419 29.971956 19.10
122.364561 29.967735 17.30
122.370593 29.965399 12.80
122.373575 29.952984 10.20
122.368455 29.955285 13.20
122.369477 29.953660 11.50
122.360483 29.971965 18.40
122.356590 29.975910 18.70
122.325045 29.954556 10.90
122.323115 29.951844 14.80
122.322315 29.945733 17.40
122.320423 29.949393 19.10
122.318005 29.940448 18.50
122.269694 29.930543 10.10
122.272074 29.928507 12.90
122.265106 29.929389 10.80
122.265387 29.922676 14.80
122.270505 29.921100 15.50
122.268515 29.924927 13.50
122.274472 29.923520 15.20
122.277897 29.921516 16.30
122.279293 29.925299 16.40
122.282963 29.927291 12.30
122.292895 29.925468 11.60
122.282931 29.921820 16.20
122.301304 29.923639 18.50
122.304792 29.920559 12.40
122.315595 29.919440 10.30
122.319124 29.922492 10.80
122.319226 29.917698 16.30
122.326487 29.916766 14.00
122.312022 29.916478 19.50
122.308687 29.909897 18.80
122.304739 29.914466 19.80
122.297538 29.912772 19.50
122.297544 29.908490 13.60
122.291639 29.910092 10.50
122.286678 29.912905 12.80
122.282977 29.915719 14.20
122.295316 29.918655 14.00
122.301134 29.919336 11.70
122.286613 29.919613 16.60
122.276848 29.917282 16.40
122.273117 29.914238 15.20
122.273341 29.917920 16.60
122.269516 29.916604 16.20
122.267781 29.913302 13.30
122.267899 29.909959 11.50
122.264463 29.910607 11.10
122.272715 29.909928 11.70
122.264705 29.907954 11.50
122.265284 29.905053 11.10
122.266173 29.917946 15.70
122.269637 29.907169 11.40
122.274620 29.908012 12.10
122.273086 29.905518 10.80
122.264020 29.901410 10.50
122.266512 29.903069 10.40
122.266903 29.900226 10.30
122.271866 29.900504 10.30
122.275603 29.901975 10.20
122.265030 29.896711 10.20
122.275867 29.892063 12.20
122.275855 29.895552 10.10
122.279508 29.894487 10.10
122.276279 29.899029 10.10
122.283088 29.897185 10.70
122.272263 29.897544 10.00
122.276827 29.910517 12.50
122.283008 29.909852 12.80
122.279440 29.904654 11.10
122.286731 29.905902 11.10
122.297738 29.902887 15.20
122.290316 29.902481 12.30
122.301246 29.905767 13.30
122.290347 29.897046 15.30
122.286755 29.899421 11.80
122.293978 29.899737 16.00
122.301137 29.897046 14.90
122.290405 29.891349 16.30
122.286826 29.894456 10.60
122.286787 29.886079 19.30
122.290431 29.887284 18.10
122.286813 29.889851 16.00
122.279551 29.888849 13.70
122.283182 29.892204 12.10
122.265048 29.890464 11.20
122.272297 29.889557 11.10
122.272325 29.885224 10.80
122.279547 29.884111 10.90
122.272382 29.878988 12.70
122.268829 29.877662 19.60
122.265119 29.881010 17.80
122.294242 29.884706 16.30
122.308546 29.885955 16.30
122.312202 29.886048 14.80
122.312562 29.883013 10.20
122.304916 29.885315 16.80
122.315131 29.891129 10.20
122.315411 29.886652 16.40
122.319961 29.890559 10.60
122.322995 29.896771 19.20
122.315701 29.897534 16.90
122.308386 29.892195 11.60
122.319438 29.896410 15.00
122.319472 29.902092 19.10
122.333748 29.911856 15.80
122.345794 29.903211 17.60
122.338748 29.897440 11.40
122.338349 29.896154 10.00
122.326379 29.893891 16.80
122.330173 29.892233 13.40
122.330354 29.889457 11.80
122.326826 29.890491 16.80
122.326478 29.883267 12.40
122.319488 29.881719 13.00
122.334169 29.889099 19.00
122.342443 29.882663 10.10
122.339232 29.892007 11.70
122.358961 29.894614 16.40
122.366373 29.891942 11.90
122.355894 29.896810 14.00
122.370059 29.885631 14.30
122.363762 29.888943 11.90
122.364614 29.885753 18.50
122.368398 29.883649 13.30
122.358649 29.888923 15.40
122.358790 29.878840 11.80
122.369036 29.876349 16.50
122.373493 29.883099 15.20
122.308496 29.905372 19.60
122.315612 29.937589 12.20
122.270014 29.902953 11.00
122.066712 30.009737 9.50
122.074623 30.009604 7.30
122.078009 30.009347 2.60
122.097954 30.008928 1.40
122.076104 30.008833 8.50
122.095147 30.008599 3.10
122.086459 30.008538 7.50
122.059028 30.007713 4.40
122.093884 30.007626 7.60
122.101153 30.007432 9.30
122.083435 30.007317 0.60
122.096670 30.006727 4.40
122.093894 30.005999 4.20
122.088748 30.005837 2.90
122.086666 30.005559 1.50
122.102758 30.005354 2.80
122.055041 30.005258 6.00
122.054669 30.004685 1.50
122.086718 30.004356 3.00
122.106124 30.003671 8.70
122.108288 30.003475 7.60
122.092869 30.003426 6.30
122.104001 30.003243 2.60
122.089618 30.003092 4.00
122.053457 30.002804 7.70
122.089763 30.001504 4.30
122.103887 30.000816 1.80
122.104467 29.998843 1.00
122.045597 29.997718 2.20
122.049191 29.996961 4.30
122.049377 29.995764 4.80
122.098927 29.995764 5.90
122.038121 29.995645 7.20
122.046270 29.995113 6.10
122.036412 29.994807 3.40
122.046022 29.994212 1.80
122.037562 29.993331 0.30
122.036754 29.992218 3.40
122.097353 29.992179 9.60
122.065697 29.991945 9.60
122.048952 29.991472 8.90
122.045401 29.991431 8.20
122.087215 29.989818 8.90
122.066556 29.987104 8.20
122.066246 29.984461 7.00
122.051541 29.984116 2.50
122.066132 29.982626 3.40
122.105098 29.996800 0.30
122.260133 29.946692 2.80
122.261297 29.948937 5.30
122.256789 29.948509 3.00
122.259295 29.951996 2.10
122.262818 29.934755 8.40
122.262166 29.930244 9.60
122.258563 29.931418 8.80
122.259224 29.934652 8.90
122.252030 29.933415 8.70
122.254389 29.930463 9.70
122.251938 29.939785 7.70
122.255629 29.938850 7.60
122.255562 29.936635 7.50
122.248509 29.939563 8.40
122.241279 29.939573 4.40
122.241215 29.938327 6.90
122.244761 29.937075 7.70
122.237561 29.940201 6.50
122.240713 29.941905 1.90
122.241076 29.943616 5.00
122.237520 29.944034 9.00
122.237535 29.946008 6.40
122.233797 29.946331 1.20
122.229199 29.946493 7.90
122.230261 29.945441 1.50
122.226595 29.944090 4.50
122.230548 29.944501 9.50
122.228246 29.945490 3.50
122.226639 29.946468 1.10
122.219396 29.945601 2.40
122.223066 29.944883 2.40
122.224219 29.944980 1.20
122.223135 29.947574 6.40
122.212100 29.950115 0.90
122.212078 29.946779 4.90
122.215653 29.947794 1.90
122.219302 29.949119 3.70
122.219367 29.950679 5.90
122.223081 29.951028 2.30
122.226424 29.950451 9.70
122.219375 29.953260 3.10
122.226570 29.949373 1.70
122.230243 29.949484 3.10
122.230196 29.947344 1.80
122.229062 29.943101 7.60
122.230354 29.941713 2.50
122.226721 29.941413 0.50
122.223143 29.926132 9.80
122.226378 29.920129 8.70
122.222165 29.922888 8.70
122.218046 29.924178 9.80
122.085665 29.895042 1.30
122.087634 29.896280 9.60
122.091529 29.899079 7.90
122.101217 29.903034 6.50
122.098130 29.904025 9.70
122.113246 29.907764 5.40
122.056360 29.938934 9.70
122.076986 29.941923 3.60
122.081383 29.938818 6.00
122.092534 29.941611 5.60
122.088939 29.941059 2.20
122.111469 29.952445 6.40
122.090048 29.955257 7.60
122.095080 29.959479 4.20
122.090231 29.961718 4.40
122.091803 29.963299 0.30
122.086648 29.957888 8.20
122.112955 29.961098 8.80
122.109592 29.961087 8.40
122.108934 29.959952 1.60
122.115526 29.957761 7.90
122.125713 29.960127 7.50
122.125457 29.961262 4.10
122.123166 29.960625 6.80
122.124117 29.961601 0.10
122.125372 29.962493 1.30
122.118280 29.961135 0.10
122.121665 29.963924 0.70
122.136822 29.973206 6.60
122.128886 29.971280 6.40
122.129109 29.973796 1.40
122.143481 29.970215 6.40
122.138783 29.967885 3.40
122.148483 29.970185 3.60
122.151950 29.971869 1.10
122.146490 29.971835 5.40
122.150420 29.973403 2.10
122.160364 29.965069 0.40
122.157469 29.968464 0.50
122.162299 29.962910 6.70
122.170491 29.962234 8.80
122.167714 29.959504 7.70
122.166203 29.957559 1.30
122.172236 29.954847 4.10
122.175669 29.959951 9.70
122.171181 29.958307 9.50
122.167760 29.954570 0.30
122.183100 29.952098 8.00
122.183075 29.956486 4.60
122.175841 29.953614 5.30
122.186729 29.954292 5.90
122.193963 29.952840 2.90
122.190297 29.951420 7.10
122.186705 29.950448 8.90
122.197618 29.953684 1.20
122.201277 29.954507 0.10
122.201316 29.949800 3.80
122.204850 29.952200 0.80
122.208534 29.948288 4.10
122.197552 29.948922 6.10
122.186708 29.945925 7.60
122.189908 29.943477 9.10
122.194070 29.943494 9.40
122.190190 29.946577 9.20
122.182995 29.943385 9.50
122.116234 29.951109 9.40
122.122400 29.948596 8.30
122.124095 29.948540 3.30
122.134233 29.948079 6.50
122.151787 29.947902 5.00
122.161086 29.949157 0.60
122.168542 29.948988 4.40
122.172320 29.946542 8.80
122.168463 29.950546 0.90
122.172238 29.951331 1.70
122.183138 29.948151 6.40
122.179529 29.945774 7.40
122.179519 29.950510 5.10
122.175849 29.948882 4.50
122.215801 29.943508 9.50
122.213758 29.923278 9.70
122.228398 29.914399 9.50
122.136452 29.891660 4.20
122.135648 29.895376 6.60
122.136884 29.884271 0.20
122.126052 29.874038 5.60
122.133074 29.877054 9.60
122.129384 29.875796 3.50
122.122064 29.872679 9.70
122.118196 29.871417 6.50
122.243794 29.902810 9.50
122.235496 29.899149 9.60
122.238497 29.898966 9.60
122.248206 29.902692 9.90
122.248281 29.898900 9.30
122.243981 29.905915 9.90
122.258742 29.906600 9.70
122.261633 29.904327 9.70
122.261831 29.899697 9.80
122.253012 29.905638 9.80
122.251080 29.901149 9.70
122.245051 29.895849 8.90
122.263189 29.893540 9.50
122.234528 29.851761 0.30
122.230899 29.854847 8.20
122.230899 29.853265 1.60
122.231521 29.875466 0.70
122.234310 29.879464 8.40
122.234298 29.883228 8.80
122.245090 29.883779 9.60
122.241472 29.882136 7.80
122.237951 29.885893 9.20
122.234291 29.886618 9.60
122.237868 29.881049 6.50
122.245255 29.878343 2.60
122.241472 29.878723 4.60
122.249880 29.877609 1.70
122.259652 29.878725 6.30
122.252329 29.885990 9.90
122.259663 29.886123 9.80
122.256001 29.884871 8.90
122.255891 29.893155 9.40
122.130670 29.902311 0.90
122.121674 29.907269 5.10
122.116974 29.910920 8.20
122.044945 29.966088 3.30
122.046967 29.965632 6.70
122.041314 29.966319 4.50
122.046118 29.979584 8.30
122.051199 29.981872 2.60
122.073991 29.970596 2.80
122.080398 29.964316 4.20
122.066800 29.963851 2.60
122.067853 29.958168 5.60
122.064676 29.954564 6.50
122.068510 29.954502 1.50
122.072017 29.951056 5.20
122.075200 29.951658 4.70
122.075363 29.948247 3.00
122.067739 29.948495 0.10
122.049308 29.939648 8.80
122.050688 29.941712 0.40
122.048123 29.944871 7.50
122.051007 29.946048 4.70
122.057785 29.949578 0.60
122.051737 29.951158 8.20
122.063889 29.950999 3.30
122.060227 29.949111 4.60
122.053182 29.954758 6.50
122.065609 29.973764 8.60
122.085891 29.971748 8.40
122.079392 29.973747 5.90
122.082712 29.975248 6.30
122.081936 29.977218 3.20
122.077215 29.977265 2.80
122.079791 29.980183 4.60
122.077571 29.979949 3.60
122.075987 29.978513 5.90
122.082011 29.978044 6.40
122.083112 29.978177 1.90
122.082867 29.981463 6.90
122.084571 29.982065 0.60
122.088068 29.982998 5.80
122.087478 29.975531 9.70
122.095602 29.973461 5.00
122.092541 29.971917 2.00
122.090842 29.970089 5.60
122.081975 29.965625 6.40
122.083122 29.968255 1.40
122.083129 29.963357 1.20
122.089177 29.964303 5.80
122.089629 29.963127 3.20
122.080424 29.957524 7.20
122.083093 29.957115 7.50
122.078613 29.956318 6.40
122.077300 29.954684 2.80
122.071898 29.954467 5.20
122.075400 29.960700 6.40
122.096074 29.974553 8.90
122.102182 29.978893 0.80
122.104594 29.965101 7.30
122.104566 29.967395 2.40
122.125140 29.970466 5.40
122.128790 29.978240 9.70
122.126635 29.982316 0.60
122.126682 29.983489 2.50
122.134684 29.982805 1.40
122.135818 29.981288 1.40
122.126715 29.985700 0.40
122.123606 29.986223 3.80
122.116852 29.981590 4.30
122.115028 29.985080 7.60
122.105435 29.985452 0.60
122.101187 29.985045 7.70
122.110308 29.995736 5.40
122.127166 29.989214 2.40
122.130187 29.990199 8.90
122.132939 29.987435 1.80
122.135398 29.991132 9.40
122.145136 29.990837 3.40
122.152162 29.990386 5.50
122.150953 29.990478 1.60
122.149104 29.991163 4.50
122.149375 29.985236 3.80
122.150142 29.986806 2.40
122.154463 29.985389 0.10
122.157701 29.988966 4.10
122.154707 29.991651 5.10
122.164272 29.993891 0.30
122.158507 29.992602 8.20
122.173871 29.987914 3.80
122.171682 29.991107 2.10
122.171067 29.990385 5.90
122.150502 29.981779 5.00
122.149893 29.984320 6.60
122.146214 29.982214 5.90
122.146493 29.982840 3.00
122.145174 29.984622 1.60
122.144280 29.986700 5.10
122.142210 29.984083 5.30
122.140334 29.981255 2.10
122.146066 29.980198 3.20
122.140374 29.978882 5.80
122.137375 29.979148 2.50
122.143951 29.981273 4.00
122.171899 29.985468 9.60
122.182391 29.982552 7.00
122.185824 29.982028 3.00
122.180470 29.980083 0.40
122.185095 29.980377 2.60
122.183002 29.977771 2.20
122.186407 29.976388 0.40
122.181266 29.975569 2.80
122.194751 29.970945 5.30
122.191723 29.971758 5.40
122.190492 29.970006 6.10
122.187886 29.972439 6.60
122.197395 29.968315 2.00
122.200273 29.966454 1.00
122.189366 29.968341 3.40
122.192206 29.965982 2.50
122.186716 29.971000 1.50
122.188360 29.981805 3.20
122.193331 29.979568 5.50
122.198541 29.978137 5.70
122.194048 29.977512 1.20
122.192544 29.978466 3.70
122.189197 29.980018 5.10
122.201632 29.976240 6.50
122.205478 29.976189 5.10
122.209398 29.974906 5.00
122.209033 29.974104 5.40
122.211873 29.972785 4.80
122.215591 29.972390 5.80
122.218475 29.971492 4.40
122.221912 29.968948 5.60
122.228704 29.966856 6.70
122.234750 29.964172 5.50
122.235599 29.965794 0.90
122.237879 29.963351 5.40
122.240433 29.961591 5.00
122.247457 29.959054 3.30
122.244674 29.961066 2.80
122.244191 29.960266 5.30
122.249430 29.956314 6.30
122.253657 29.955612 1.20
122.255993 29.952964 5.30
122.252969 29.954745 4.50
122.251394 29.952893 3.10
122.248334 29.954509 0.50
122.250856 29.952393 0.50
122.248390 29.935340 7.70
122.041831 29.937315 5.90
122.038532 29.933742 9.40
122.053667 29.938325 2.90
122.111268 29.863313 9.30
122.114895 29.867020 8.30
122.111181 29.868111 7.60
122.106476 29.867413 0.30
122.113424 29.870981 1.80
122.111067 29.869704 3.30
122.107733 29.854506 9.30
122.107704 29.858085 8.60
122.103795 29.857346 7.20
122.093032 29.861004 0.20
122.100383 29.861557 2.60
122.099922 29.860677 0.20
122.086025 29.857674 0.20
122.089551 29.858652 3.40
122.084203 29.854343 9.60
122.089888 29.855506 8.60
122.093224 29.853590 8.80
122.089559 29.852377 7.80
122.078967 29.853900 0.70
122.075509 29.848380 6.30
122.078785 29.846345 5.80
122.082432 29.848729 6.20
122.078795 29.851218 6.90
122.074848 29.852100 0.60
122.089658 29.847575 8.60
122.086038 29.846089 7.90
122.085955 29.850752 6.80
122.096935 29.844191 8.50
122.093377 29.842082 8.10
122.100552 29.846897 8.80
122.093319 29.845721 7.50
122.089656 29.842995 7.50
122.096847 29.849224 7.50
122.104175 29.851933 8.40
122.107759 29.850255 9.90
122.100557 29.853288 7.40
122.093386 29.837860 9.50
122.096971 29.840572 9.80
122.089755 29.836418 8.70
122.086066 29.838102 7.50
122.086078 29.841368 7.20
122.082405 29.844326 7.10
122.082468 29.840516 7.50
122.078818 29.842101 6.70
122.075256 29.843544 5.50
122.071568 29.842366 5.00
122.068348 29.845878 5.40
122.068120 29.839987 4.70
122.064361 29.847195 0.60
122.060809 29.845436 0.10
122.064412 29.840774 4.70
122.060826 29.838668 4.30
122.057193 29.841556 4.60
122.064538 29.836366 4.20
122.053597 29.836588 4.70
122.053556 29.838115 5.30
122.050014 29.834018 4.70
122.057265 29.833621 3.30
122.060886 29.834723 3.70
122.078886 29.834168 6.90
122.086173 29.834312 8.40
122.082448 29.835864 7.20
122.075209 29.838926 6.40
122.071692 29.837579 5.80
122.068083 29.835284 5.40
122.202298 29.835125 5.10
122.218575 29.834463 8.80
122.220157 29.838719 0.40
122.224057 29.843448 2.50
122.227507 29.847352 0.20
122.237953 29.876397 8.00
122.197432 29.959959 0.50
122.201116 29.960495 2.80
122.202549 29.963118 5.10
122.198976 29.963710 4.00
122.194254 29.963014 1.00
122.204369 29.965468 3.50
122.205884 29.962048 1.30
122.210037 29.961031 1.80
122.212147 29.958303 2.40
122.208349 29.957804 5.20
122.204812 29.957009 2.60
122.201024 29.957895 1.00
122.215688 29.954757 4.70
122.212063 29.954680 5.20
122.208445 29.954638 2.80
122.233966 29.942056 4.20
122.231044 29.939665 0.20
122.071411 29.850257 1.70
122.169440 29.965908 4.40
122.175655 29.961468 0.50
122.190205 29.955746 1.00
122.254694 29.951632 3.40
122.140010 29.963448 0.40
122.136130 29.963033 2.60
122.142880 29.965840 9.30
122.238015 29.864824 7.00
122.082959 29.959307 6.10
122.093888 29.980465 5.60
122.087854 29.983465 1.00
122.075686 29.972413 1.00
122.134619 29.978943 0.10
122.080587 29.892599 0.40
122.080960 29.893276 9.10
122.077683 29.891659 0.30
122.201278 29.834010 1.90
122.244802 29.944880 0.80
122.204887 29.945871 8.60
122.066433 29.976860 3.50
122.073220 29.974868 6.40
122.064555 29.980395 1.30
122.040420 29.987992 9.70
122.057117 29.939963 1.30
122.108772 29.998636 7.20
122.185827 29.978068 2.40
122.214414 29.957771 1.40
122.249293 29.943321 1.70
122.259358 29.940141 2.40
122.249017 29.941353 2.20
122.244798 29.941211 7.10
122.246725 29.941417 8.10
122.262844 29.937839 8.50
122.252413 29.895334 9.80
122.161424 29.991055 7.70
122.342179 30.015776 7.30
122.367572 30.015207 0.50
122.360782 30.012041 9.40
122.363997 30.015174 5.40
122.364209 30.002496 0.60
122.364350 30.008874 2.40
122.362191 29.994132 9.90
122.342468 30.002348 3.30
122.341855 30.005895 1.90
122.337542 29.999267 0.90
122.339687 29.996827 0.40
122.336469 29.994319 0.20
122.344023 29.999347 9.20
122.344988 29.994880 9.40
122.340047 29.991719 0.20
122.343372 29.992079 2.50
122.345762 29.989851 7.20
122.349861 29.980918 8.70
122.347914 29.985032 9.10
122.344182 29.981689 2.70
122.364642 29.983384 6.30
122.374154 29.976378 3.90
122.372289 29.977219 9.50
122.372350 29.963893 5.80
122.366631 29.965695 6.50
122.364357 29.963265 2.20
122.367706 29.962364 2.70
122.369163 29.959957 0.70
122.372663 29.951312 0.50
122.375387 29.954573 1.50
122.367870 29.957158 5.40
122.364261 29.958249 2.70
122.360911 29.958000 0.30
122.357112 29.961047 0.30
122.352659 29.962008 0.30
122.348860 29.964000 1.20
122.353572 29.967237 1.40
122.348588 29.968387 2.10
122.359972 29.967758 3.10
122.359659 29.963277 1.00
122.352002 29.976604 6.20
122.356180 29.972788 8.30
122.354791 29.971747 3.70
122.350146 29.972828 3.70
122.342226 29.986711 1.50
122.338605 29.988874 0.10
122.339161 29.983279 0.60
122.335428 29.985463 0.10
122.332023 29.981988 0.30
122.335830 29.979782 0.50
122.328736 29.978287 0.10
122.332542 29.976070 0.90
122.339501 29.978093 1.50
122.345475 29.977025 3.30
122.342000 29.972677 3.20
122.336985 29.974157 1.40
122.344282 29.969568 4.80
122.344304 29.965676 2.20
122.339321 29.968674 4.00
122.343449 29.961016 1.60
122.341910 29.958218 0.70
122.339489 29.962541 2.40
122.337035 29.960093 1.70
122.333320 29.961579 7.40
122.331909 29.972506 1.40
122.332612 29.968601 2.00
122.327816 29.970456 1.30
122.324748 29.968038 1.20
122.329042 29.966427 2.90
122.322929 29.961936 2.40
122.326055 29.960806 5.40
122.320903 29.959549 1.10
122.328141 29.958932 7.80
122.323993 29.958251 6.80
122.330545 29.955634 3.30
122.328922 29.956314 8.10
122.333881 29.954367 0.20
122.329866 29.952713 0.60
122.320662 29.955801 2.10
122.320169 29.951739 7.80
122.326566 29.950860 4.60
122.326340 29.947845 0.30
122.319674 29.947071 5.30
122.323280 29.944638 3.30
122.324696 29.942261 0.10
122.316621 29.942449 3.10
122.312569 29.940889 0.60
122.311259 29.942625 2.40
122.305079 29.945812 4.80
122.307770 29.943778 1.40
122.304794 29.944771 1.90
122.300864 29.944944 3.60
122.298330 29.945056 6.90
122.297461 29.944113 4.70
122.294385 29.944064 3.10
122.291951 29.942129 5.10
122.288021 29.941435 2.50
122.288348 29.939785 1.50
122.284774 29.940405 1.60
122.282240 29.937938 0.30
122.279249 29.939525 3.10
122.275789 29.939091 4.60
122.279093 29.936387 1.50
122.275476 29.935370 1.60
122.272073 29.935271 2.80
122.264875 29.936623 8.30
122.273366 29.940483 6.20
122.274021 29.941827 1.60
122.271982 29.942383 6.10
122.269088 29.944683 3.60
122.263769 29.945072 3.70
122.266536 29.946050 4.40
122.269179 29.942331 7.90
122.265256 29.947884 0.50
122.264858 29.932316 9.90
122.272074 29.932606 8.10
122.275671 29.931556 5.50
122.279189 29.928271 8.70
122.279254 29.932368 3.20
122.282795 29.931884 1.30
122.282834 29.930353 7.00
122.285044 29.928485 2.90
122.286272 29.927787 8.00
122.293800 29.920346 8.70
122.308292 29.921169 9.30
122.313073 29.921851 5.90
122.312219 29.923401 4.80
122.310012 29.925902 2.50
122.305017 29.925830 1.60
122.315689 29.924042 7.70
122.313067 29.927308 3.70
122.317267 29.929209 8.30
122.309377 29.929829 0.20
122.312272 29.931452 2.30
122.315938 29.932000 6.70
122.314408 29.930263 5.00
122.311370 29.934004 1.10
122.314764 29.935213 8.50
122.321633 29.930718 5.30
122.322653 29.929075 2.00
122.319818 29.935296 7.70
122.313067 29.936195 4.00
122.321336 29.939739 7.00
122.323389 29.936784 0.50
122.321098 29.927297 6.60
122.323799 29.925067 3.00
122.325940 29.922548 3.90
122.327035 29.921227 5.40
122.328666 29.919573 0.10
122.322857 29.921094 7.90
122.330042 29.915367 7.80
122.330844 29.916699 3.90
122.332870 29.914158 4.40
122.296613 29.919486 5.70
122.268622 29.893433 9.40
122.283088 29.902317 9.50
122.293979 29.906266 8.40
122.294708 29.894546 4.20
122.301621 29.892914 6.00
122.290393 29.894141 8.80
122.265103 29.884486 8.20
122.275964 29.883917 9.40
122.268698 29.882107 6.90
122.263847 29.877891 4.80
122.275981 29.880771 4.70
122.283244 29.879812 2.90
122.283191 29.882986 8.60
122.287050 29.881880 4.10
122.296972 29.885667 8.70
122.315011 29.893303 4.40
122.319521 29.893036 7.60
122.323069 29.891442 3.00
122.335726 29.913972 0.80
122.335184 29.911296 9.60
122.338707 29.909491 0.80
122.340421 29.907863 5.20
122.330203 29.893849 5.20
122.324239 29.889115 1.40
122.319956 29.884784 3.30
122.315600 29.884041 9.80
122.324032 29.883341 9.40
122.315217 29.882716 2.40
122.322931 29.882716 1.80
122.323607 29.880181 4.00
122.333816 29.884052 5.20
122.335191 29.884921 8.40
122.349432 29.901451 6.90
122.363704 29.894549 4.60
122.362189 29.893478 7.10
122.364896 29.894062 9.00
122.367781 29.892140 7.70
122.371954 29.888888 1.20
122.371540 29.886433 9.90
122.360439 29.888882 9.40
122.360871 29.885295 3.50
122.359302 29.883182 8.40
122.344694 29.879556 1.80
122.360215 29.878943 0.60
122.365455 29.880470 4.10
122.362160 29.876654 4.20
122.365752 29.876278 6.00
122.367320 29.879524 5.60
122.374507 29.876555 0.30
122.347896 29.959595 0.50
122.134872 29.945962 2.00
122.038348 29.984022 4.00
122.361475 29.895443 2.60
122.327708 29.974812 0.60
122.241641 29.870863 18.20
122.038722 29.906556 18.90
122.054485 29.926731 34.00
122.135309 29.933031 60.00
122.077515 29.971251 32.00
122.352567 29.886880 37.00
122.126239 29.950591 20.10
122.148822 29.893829 26.00
122.192124 29.857692 29.50
122.165316 29.864483 23.70
122.146823 29.945332 25.70
122.314424 29.888117 27.80
122.355762 29.882087 21.20
122.058396 29.998592 16.70
122.110603 29.908718 13.50
122.036961 29.899671 13.70
122.068300 29.893602 18.70
122.092010 29.955283 15.60
122.125615 29.952015 14.10
122.167731 29.991423 14.50
122.206876 29.834621 18.10
122.070943 29.893774 15.60
122.294730 29.925862 11.90
122.306851 29.884362 13.30
122.328438 29.898856 17.40
122.338233 29.885589 10.50
122.106279 30.000021 3.60
122.224329 29.939557 2.40
122.123287 29.964703 1.60
122.177766 29.956465 7.50
122.067754 29.968438 1.70
122.088194 29.975679 1.80
122.099535 29.974428 3.30
122.112181 29.987006 0.30
122.113216 29.986947 2.80
122.119957 29.988626 5.20
122.150193 29.987384 5.20
122.152638 29.987708 2.60
122.169587 29.987817 1.90
122.061447 29.976549 8.60
122.052058 29.936377 0.70
122.188378 29.974208 3.10
122.077638 29.966744 2.10
122.084668 29.966354 0.20
122.195753 29.970906 3.10
122.099288 29.978120 2.40
122.341116 30.013379 0.90
122.372309 29.962387 0.50
122.371056 29.964154 2.40
122.318843 29.946308 0.80
122.310162 29.945353 0.20
122.270352 29.942712 3.50
122.267957 29.945812 1.40
122.266404 29.943806 6.60
122.288992 29.926605 4.60
122.284857 29.907783 9.90
122.299699 29.884734 1.60
122.306798 29.885071 6.40
122.314003 29.885315 4.60
122.310534 29.884269 6.70
122.317493 29.891396 4.90
122.310594 29.894476 0.20
122.324584 29.893450 8.20
122.332004 29.895172 3.20
122.332023 29.890794 2.60
122.335741 29.891321 5.50
122.317638 29.879291 0.20
122.328176 29.884264 4.20
122.338027 29.891661 4.90
122.367220 29.885336 2.00
122.359087 29.882436 0.80
122.306301 29.886692 9.40
122.328635 29.890463 6.40
122.327634 29.891665 2.80
122.141736 29.969148 9.20
122.310880 29.886530 7.60
122.165355 29.838969 17.60
122.207219 29.876693 38.00
122.098494 29.859311 1.00
122.066139 29.941167 15.60
